42
0.005 60 0.5215
0.527 60 0.507
1.0345 67 0.507
1.542 67 0.5055
2.05 69 0.5245
2.575 69 0.507
3.0825 67 1.013
4.098 65 0.5245
4.623 65 0.507
5.1305 64 0.507
5.638 64 0.5055
6.146 62 0.5245
6.671 62 0.507
7.1785 60 1.013
8.194 67 0.5245
8.719 67 0.507
9.2265 65 0.507
9.734 65 0.5055
10.242 64 0.5245
10.767 64 0.507
11.2745 62 1.013
12.29 67 0.5245
12.815 67 0.507
13.3225 65 0.507
13.83 65 0.5055
14.338 64 0.5245
14.863 64 0.507
15.3705 62 1.013
16.386 60 0.5245
16.911 60 0.507
17.4185 67 0.507
17.926 67 0.5055
18.434 69 0.5245
18.959 69 0.507
19.4665 67 1.013
20.482 65 0.5245
21.007 65 0.507
21.5145 64 0.507
22.022 64 0.5055
22.53 62 0.5245
23.055 62 0.507
23.5625 60 1.013
